
Coronavirus for Census Region 3
RepWeekDate	RegID	CoVHKU1	CoVNL63	CoVOC43	CoV229E
1	03/31/18	3	0.9332872	0.6567577	1.0715520	0.0345662
2	04/07/18	3	0.8775009	0.3861004	0.3861004	0.1755002
3	04/14/18	3	0.4032258	0.4032258	0.3665689	0.1466276
4	04/21/18	3	0.6571742	0.1825484	0.5476451	0.1095290
5	04/28/18	3	0.6432085	0.2270148	0.5675369	0.1135074
6	05/05/18	3	0.4249894	0.1699958	0.6799830	0.1699958
7	05/12/18	3	0.2192021	0.2630425	0.5699255	0.0876808
8	05/19/18	3	0.1786512	0.3126396	0.4912908	0.0446628
9	05/26/18	3	0.0919118	0.2297794	0.3676471	0.0919118
10	06/02/18	3	0.1998002	0.2997003	0.3996004	0.2997003
11	06/09/18	3	0.2496256	0.2496256	0.3494758	0.1997004
12	06/16/18	3	0.1097695	0.2195390	0.5488474	0.1097695
13	06/23/18	3	0.1712329	0.2853881	0.2283105	0.1141553
14	06/30/18	3	0.0558971	0.1676914	0.3353829	0.2235886
15	07/07/18	3	0.0641026	0.2564103	0.2564103	0.1282051
16	07/14/18	3	0.0637755	0.2551020	0.3826531	0.1275510
17	07/21/18	3	0.1980198	0.3300330	0.3960396	0.1980198
18	07/28/18	3	0.2012072	0.2012072	0.6036217	0.4694836
19	08/04/18	3	0.1455604	0.0727802	0.4366812	0.0727802
20	08/11/18	3	0.0669344	0.2677376	0.6024096	0.1338688
21	08/18/18	3	0.0000000	0.1300390	0.5201560	0.1300390
22	08/25/18	3	0.2446483	0.7339450	0.3669725	0.1834862
23	09/01/18	3	0.0000000	0.3719447	0.3719447	0.2125399
24	09/08/18	3	0.0000000	0.5042864	0.2017146	0.1008573
25	09/15/18	3	0.1409112	0.3757633	0.5166745	0.2818225
26	09/22/18	3	0.0000000	0.6843456	0.8126604	0.1283148
27	09/29/18	3	0.0000000	0.7289880	0.8147513	0.2144082
28	10/06/18	3	0.0384615	0.5000000	1.0384615	0.2307692
29	10/13/18	3	0.0000000	0.4013134	1.0944911	0.0364830
30	10/20/18	3	0.0000000	0.7825791	0.8166043	0.1020755
31	10/27/18	3	0.0000000	0.5712366	1.1424731	0.2688172
32	11/03/18	3	0.1588815	0.8261837	1.7476962	0.1906578
33	11/10/18	3	0.0000000	0.8301216	1.1858879	0.2075304
34	11/17/18	3	0.0623053	0.9034268	1.4953271	0.2180685
35	11/24/18	3	0.0981675	1.0798429	2.8468586	0.4253927
36	12/01/18	3	0.1591512	1.1936340	2.4403183	0.4509284
37	12/08/18	3	0.1612470	1.2899758	3.0368181	0.7793604
38	12/15/18	3	0.1514769	1.7672305	4.4938147	0.6563999
39	12/22/18	3	0.1482580	1.9520633	5.5349642	0.6918705
40	12/29/18	3	0.3006765	1.8541719	6.4394888	0.8769732
41	01/05/19	3	0.3205128	2.1942801	6.6568047	1.1587771
42	01/12/19	3	0.2223870	1.8285149	6.0785767	1.0378058
43	01/19/19	3	0.1812063	1.9932695	5.8762620	1.1131245
44	01/26/19	3	0.3762227	2.4579885	5.2921996	1.5299724
45	02/02/19	3	0.3861004	2.0213491	4.7694754	1.5898251
46	02/09/19	3	0.2859657	1.9357677	4.7734272	2.0677519
47	02/16/19	3	0.2772446	1.9620388	4.0946897	1.9407123
48	02/23/19	3	0.3909644	1.9113814	3.3014770	2.6281494
49	03/02/19	3	0.3830554	1.5998197	3.3573682	1.8251465
50	03/09/19	3	0.4907689	1.6358962	2.9913531	1.8228558
51	03/16/19	3	0.2834869	1.5355540	2.2206473	2.1025278
52	03/23/19	3	0.5791992	0.9821204	1.6116847	1.9390582
53	03/30/19	3	0.6795325	1.0057081	1.7667845	1.6308780
54	04/06/19	3	0.5061030	0.8633522	1.3396844	1.3099137
55	04/13/19	3	0.5171889	0.7909948	1.1560694	1.4298753
56	04/20/19	3	0.6493506	0.4329004	0.9585652	1.0204082
57	04/27/19	3	0.5090678	0.6363347	0.8272351	0.5727012
58	05/04/19	3	0.4081633	0.2721088	0.8503401	0.7482993
59	05/11/19	3	0.4895105	0.3146853	0.3146853	0.5244755
60	05/18/19	3	0.7418398	0.1112760	0.2967359	0.2967359
61	05/25/19	3	1.4528850	0.2075550	0.4981320	0.3320880
62	06/01/19	3	0.4975124	0.0904568	0.7688829	0.1809136
63	06/08/19	3	0.5314010	0.0483092	0.1449275	0.1449275
64	06/15/19	3	0.5273250	0.2396932	0.3835091	0.4314477
65	06/22/19	3	0.4668050	0.0000000	0.1037344	0.2074689
66	06/29/19	3	0.4319654	0.0539957	0.2699784	0.3239741
67	07/06/19	3	0.4100762	0.1757469	0.2343292	0.1171646
68	07/13/19	3	0.5402485	0.0540249	0.1080497	0.3781740
69	07/20/19	3	0.2310803	0.2310803	0.1733102	0.1155402
70	07/27/19	3	0.2922268	0.1168907	0.0584454	0.2337814
71	08/03/19	3	0.6756757	0.0614251	0.0000000	0.0000000
72	08/10/19	3	0.4174120	0.1192606	0.0596303	0.1192606
73	08/17/19	3	0.5605381	0.1681614	0.0000000	0.1121076
74	08/24/19	3	0.3225806	0.1075269	0.1075269	0.2150538
75	08/31/19	3	0.3778932	0.2361833	0.0944733	0.1889466
76	09/07/19	3	0.2202643	0.2643172	0.0881057	0.0440529
77	09/14/19	3	0.2377179	0.1584786	0.0000000	0.1188590
78	09/21/19	3	0.2317497	0.1544998	0.0000000	0.0386250
79	09/28/19	3	0.2943341	0.1471670	0.1471670	0.0367918
80	10/05/19	3	0.2163722	0.1081861	0.0360620	0.0721241
81	10/12/19	3	0.3769705	0.2398903	0.1370802	0.0000000
82	10/19/19	3	0.2574003	0.3217503	0.1608752	0.0000000
83	10/26/19	3	0.4939796	0.2778635	0.1543686	0.0617475
84	11/02/19	3	0.7111936	0.3092146	0.2782931	0.0309215
85	11/09/19	3	1.2090680	0.3778338	0.2770781	0.0503778
86	11/16/19	3	1.6417545	0.3920608	0.2450380	0.0000000
87	11/23/19	3	1.5735816	0.6205674	0.3546099	0.0221631
88	11/30/19	3	1.6699900	0.3240279	0.2991027	0.0997009
89	12/07/19	3	2.1781747	0.7841429	0.3920714	0.0871270
90	12/14/19	3	2.8269314	0.6905481	0.8631852	0.0647389
91	12/21/19	3	3.6659029	0.7290148	0.8331598	0.0833160
92	12/28/19	3	4.2296690	0.7764610	0.9807928	0.0612996
93	01/04/20	3	3.7044576	0.9973540	1.0177081	0.1017708
94	01/11/20	3	4.0514469	0.8360129	0.8574491	0.1929260
95	01/18/20	3	3.6661287	0.8761817	1.0145262	0.1614019
96	01/25/20	3	2.9619805	1.2820513	0.9946950	0.1105217
97	02/01/20	3	1.8462860	1.1592958	0.7728639	0.1288106
98	02/08/20	3	2.5569871	2.1605550	1.1694747	0.1585728
99	02/15/20	3	2.2749753	1.8397626	1.1473788	0.1780415
100	02/22/20	3	1.5741508	2.3198012	1.3463132	0.1449876
101	02/29/20	3	1.2553191	2.2127660	1.3404255	0.1914894
102	03/07/20	3	0.9081309	2.1119324	1.0348469	0.1267159
103	03/14/20	3	0.7613742	1.9127205	1.2999071	0.4085422
104	03/21/20	3	0.7485030	1.5825492	1.0692900	0.2566296