Coronavirus for the US

EntryNumber RepWeekDate	CoVHKU1	CoVNL63	CoVOC43	CoV229E

1	03/31/18	0.9358128	0.4199160	0.9478104	0.0239952
2	04/07/18	0.7696008	0.3487253	0.4930255	0.1082251
3	04/14/18	0.6142185	0.3397804	0.4835337	0.0784109
4	04/21/18	0.6464924	0.2888583	0.6327373	0.1100413
5	04/28/18	0.4712939	0.2285061	0.4712939	0.0856898
6	05/05/18	0.4272152	0.2373418	0.7911392	0.1107595
7	05/12/18	0.2637652	0.1318826	0.4945598	0.1318826
8	05/19/18	0.2661934	0.2307010	0.4259095	0.0709849
9	05/26/18	0.1825484	0.1825484	0.3833516	0.0547645
10	06/02/18	0.1409869	0.1409869	0.5236657	0.1611279
11	06/09/18	0.2397602	0.1798202	0.2597403	0.1598402
12	06/16/18	0.1508946	0.1077818	0.5173529	0.0862255
13	06/23/18	0.1555901	0.1778173	0.2444988	0.0666815
14	06/30/18	0.0709555	0.1655629	0.4020814	0.1182592
15	07/07/18	0.0509295	0.1018589	0.3310415	0.1273237
16	07/14/18	0.0761035	0.1268392	0.3297818	0.0761035
17	07/21/18	0.0774793	0.1807851	0.3873967	0.1549587
18	07/28/18	0.0766284	0.1021711	0.3575990	0.2298851
19	08/04/18	0.0850340	0.0283447	0.3117914	0.0850340
20	08/11/18	0.0769231	0.1538462	0.4102564	0.1538462
21	08/18/18	0.0000000	0.1003261	0.3260597	0.1254076
22	08/25/18	0.0942951	0.4007544	0.3064592	0.0942951
23	09/01/18	0.0214638	0.3004937	0.2790298	0.1073192
24	09/08/18	0.0000000	0.2037905	0.2853067	0.1222743
25	09/15/18	0.0891902	0.1783803	0.4102747	0.2140564
26	09/22/18	0.0170619	0.3583006	0.5118580	0.1023716
27	09/29/18	0.0000000	0.4164584	0.5164085	0.1499250
28	10/06/18	0.0152439	0.2896341	0.6554878	0.1676829
29	10/13/18	0.0432651	0.2884338	0.7066628	0.1009518
30	10/20/18	0.0135300	0.3653092	0.5547287	0.0676498
31	10/27/18	0.0130293	0.3257329	0.8729642	0.1954397
32	11/03/18	0.1008573	0.3908220	1.2985376	0.1512859
33	11/10/18	0.0244111	0.4149884	0.9398267	0.1464665
34	11/17/18	0.0731172	0.5118206	1.1698757	0.2559103
35	11/24/18	0.0385505	0.5911077	2.1331277	0.3084040
36	12/01/18	0.0967950	0.7851151	2.2693052	0.3656700
37	12/08/18	0.0985222	0.7115490	2.8024083	0.5254516
38	12/15/18	0.1425372	1.0283038	4.1233965	0.6719609
39	12/22/18	0.1459996	1.2263967	5.1294530	0.5255986
40	12/29/18	0.2327160	1.3865994	6.1960632	0.7660235
41	01/05/19	0.1937814	1.5766758	5.5668105	1.0129481
42	01/12/19	0.2107667	1.5983139	6.0683235	1.0011417
43	01/19/19	0.2990654	1.9065421	5.8037383	1.1775701
44	01/26/19	0.3083824	2.1586768	5.7471264	1.4764975
45	02/02/19	0.3191581	2.1909773	4.7873717	1.5354093
46	02/09/19	0.3508186	2.5392583	4.6274641	1.6872703
47	02/16/19	0.3315925	2.6361602	4.0785874	1.6496726
48	02/23/19	0.2934272	2.5402414	3.4708249	2.0623742
49	03/02/19	0.3313453	2.7998675	2.9324056	1.8555335
50	03/09/19	0.4853171	2.7720655	2.8049683	1.8178827
51	03/16/19	0.2922552	2.4111057	2.2730963	1.8022406
52	03/23/19	0.4334155	2.1670774	1.7761537	1.9886122
53	03/30/19	0.4590594	1.5083380	1.5739179	1.7425520
54	04/06/19	0.4481034	1.4902043	1.4276782	1.4797832
55	04/13/19	0.5610703	1.0681916	1.1329305	1.3918861
56	04/20/19	0.4547044	0.8860907	0.9094089	1.1542497
57	04/27/19	0.3502839	0.8334340	0.8696703	0.7851190
58	05/04/19	0.4486604	0.4999359	0.6794001	0.8460454
59	05/11/19	0.4713711	0.4159157	0.3881880	0.5268266
60	05/18/19	0.4185268	0.3069196	0.3906250	0.5301339
61	05/25/19	0.6953893	0.3174603	0.4988662	0.5291005
62	06/01/19	0.8087536	0.1585791	0.5391690	0.3330162
63	06/08/19	0.3079555	0.1197605	0.2395210	0.2908469
64	06/15/19	0.3811944	0.2178254	0.3811944	0.3085860
65	06/22/19	0.2679939	0.0765697	0.2105666	0.2105666
66	06/29/19	0.2642814	0.1016467	0.2642814	0.2032934
67	07/06/19	0.2453988	0.0817996	0.1635992	0.1635992
68	07/13/19	0.3448276	0.1340996	0.1340996	0.2107280
69	07/20/19	0.3065604	0.1430615	0.1226242	0.2248110
70	07/27/19	0.1894338	0.0841928	0.0420964	0.1473374
71	08/03/19	0.3021148	0.1078981	0.0647389	0.1078981
72	08/10/19	0.2756573	0.1696353	0.0848176	0.0848176
73	08/17/19	0.3305464	0.1166634	0.1166634	0.1361073
74	08/24/19	0.2382844	0.0595711	0.1191422	0.1191422
75	08/31/19	0.2745367	0.1372684	0.1887440	0.0686342
76	09/07/19	0.1293034	0.1939551	0.0484888	0.0161629
77	09/14/19	0.0991080	0.1698995	0.0566332	0.0424749
78	09/21/19	0.1091405	0.1227831	0.0409277	0.0136426
79	09/28/19	0.1141553	0.1522070	0.0887874	0.0380518
80	10/05/19	0.1329051	0.1439805	0.0775280	0.0775280
81	10/12/19	0.2046532	0.1400259	0.0753985	0.0430849
82	10/19/19	0.1676446	0.1466890	0.1362112	0.0209556
83	10/26/19	0.2900580	0.1700340	0.1100220	0.0500100
84	11/02/19	0.3566828	0.2278807	0.1288021	0.0198157
85	11/09/19	0.5554063	0.2329123	0.1343725	0.0358327
86	11/16/19	0.9426482	0.2642939	0.1673861	0.0176196
87	11/23/19	1.0301811	0.4024145	0.2012072	0.0160966
88	11/30/19	1.3671539	0.3095443	0.2665520	0.1031814
89	12/07/19	2.0250149	0.5062537	0.3052412	0.0967838
90	12/14/19	2.7450406	0.5270478	0.5050875	0.1098016
91	12/21/19	3.6912981	0.6835737	0.5195160	0.1298790
92	12/28/19	4.5359822	0.7363156	0.6946374	0.0694637
93	01/04/20	4.6817068	0.8609313	0.6849745	0.0691259
94	01/11/20	4.7668260	0.7621754	0.7427981	0.1679370
95	01/18/20	4.6530612	0.9183673	0.6802721	0.1700680
96	01/25/20	3.7658773	1.0787005	0.6319014	0.1276569
97	02/01/20	3.3134137	1.1791698	0.6242664	0.1227190
98	02/08/20	3.0723800	1.6964061	0.7162604	0.1947726
99	02/15/20	2.9366701	1.7045455	0.7724719	0.2681307
100	02/22/20	2.1590986	1.8554753	0.8433979	0.1214493
101	02/29/20	1.5080243	1.9853348	0.8923630	0.2905368
102	03/07/20	1.2939856	2.2842807	0.8054400	0.2178649
103	03/14/20	0.8331457	2.1504166	0.9175861	0.3321324
104	03/21/20	0.7057891	2.9341792	0.8088818	0.3409992