
Coronavirus for Census Region 1
RepWeekDate	RegID	CoVHKU1	CoVNL63	CoVOC43	CoV229E
1	03/31/18	1	0.5889282	0.0000000	0.5889282	0.0000000
2	04/07/18	1	0.7266122	0.0908265	0.2724796	0.1816530
3	04/14/18	1	0.9336100	0.6224066	0.2074689	0.0000000
4	04/21/18	1	0.6681514	0.4454343	0.5567929	0.2227171
5	04/28/18	1	0.2296211	0.4592423	0.4592423	0.2296211
6	05/05/18	1	0.3735990	0.4981320	0.4981320	0.0000000
7	05/12/18	1	0.3926702	0.1308901	0.2617801	0.1308901
8	05/19/18	1	0.2754821	0.1377410	0.4132231	0.1377410
9	05/26/18	1	0.4126547	0.1375516	0.5502063	0.0000000
10	06/02/18	1	0.0000000	0.0000000	0.3430532	0.1715266
11	06/09/18	1	0.1795332	0.1795332	0.1795332	0.1795332
12	06/16/18	1	0.1739130	0.1739130	0.5217391	0.1739130
13	06/23/18	1	0.3669725	0.1834862	0.5504587	0.0000000
14	06/30/18	1	0.2183406	0.4366812	0.4366812	0.0000000
15	07/07/18	1	0.0000000	0.0000000	0.6134969	0.2044990
16	07/14/18	1	0.1912046	0.1912046	0.0000000	0.0000000
17	07/21/18	1	0.0000000	0.1930502	0.5791506	0.1930502
18	07/28/18	1	0.0000000	0.2141328	0.4282655	0.2141328
19	08/04/18	1	0.0000000	0.0000000	0.2293578	0.2293578
20	08/11/18	1	0.1945525	0.0000000	0.1945525	0.1945525
21	08/18/18	1	0.0000000	0.2169197	0.2169197	0.2169197
22	08/25/18	1	0.0000000	0.3752345	0.5628518	0.0000000
23	09/01/18	1	0.0000000	0.9505703	0.3802281	0.0000000
24	09/08/18	1	0.0000000	0.0000000	0.4264392	0.2132196
25	09/15/18	1	0.1655629	0.3311258	0.4966887	0.6622517
26	09/22/18	1	0.1345895	0.5383580	0.5383580	0.1345895
27	09/29/18	1	0.0000000	0.7163324	0.5730659	0.1432665
28	10/06/18	1	0.0000000	0.3512881	0.2341920	0.1170960
29	10/13/18	1	0.1141553	0.4566210	0.3424658	0.4566210
30	10/20/18	1	0.1070664	0.0000000	0.1070664	0.0000000
31	10/27/18	1	0.0979432	0.1958864	0.1958864	0.0979432
32	11/03/18	1	0.1988072	0.2982107	0.4970179	0.0994036
33	11/10/18	1	0.0000000	0.1947420	0.3894839	0.1947420
34	11/17/18	1	0.0950570	0.2851711	0.2851711	0.3802281
35	11/24/18	1	0.0000000	0.1792115	1.7025090	0.0896057
36	12/01/18	1	0.0829876	0.7468880	1.1618257	0.5809129
37	12/08/18	1	0.2553191	0.5957447	2.6382979	0.7659574
38	12/15/18	1	0.3861004	0.8494208	3.8610039	1.6216216
39	12/22/18	1	0.4768392	0.6130790	3.9509537	1.0217984
40	12/29/18	1	0.5997001	1.1244378	5.7721139	1.3493253
41	01/05/19	1	0.4093567	1.2865497	4.5029240	1.6374269
42	01/12/19	1	0.5441354	1.5719468	6.4087062	1.7533253
43	01/19/19	1	0.9296149	1.3280212	5.5112882	2.1912351
44	01/26/19	1	0.5235602	1.5706806	5.8246073	2.4214660
45	02/02/19	1	0.8104738	1.3715711	4.4264339	2.2443890
46	02/09/19	1	1.0321101	1.3188073	4.2431193	1.6628440
47	02/16/19	1	0.8051530	1.5566291	4.2941492	1.8786903
48	02/23/19	1	0.3826531	1.4030612	2.5510204	1.6581633
49	03/02/19	1	0.7702182	1.5404365	2.2464698	2.1181001
50	03/09/19	1	0.5076142	2.2208122	3.1091371	1.9035533
51	03/16/19	1	0.1982816	2.1150033	1.4540648	1.8506279
52	03/23/19	1	0.4487179	2.4358974	1.9871795	1.6025641
53	03/30/19	1	0.6206897	1.2413793	1.5862069	0.9655172
54	04/06/19	1	0.7230658	1.3738250	1.1569053	1.3738250
55	04/13/19	1	0.5542359	1.0292953	0.6334125	1.3460016
56	04/20/19	1	0.6044905	0.5181347	0.7772021	1.0362694
57	04/27/19	1	0.4389816	0.3511853	0.4389816	0.2633889
58	05/04/19	1	0.9316770	0.4140787	0.4140787	0.3105590
59	05/11/19	1	0.5040323	0.5040323	0.3024194	0.6048387
60	05/18/19	1	0.0000000	0.3174603	0.2116402	0.3174603
61	05/25/19	1	0.3300330	0.3300330	0.5500550	0.3300330
62	06/01/19	1	0.3089598	0.3089598	0.2059732	0.3089598
63	06/08/19	1	0.4640371	0.0000000	0.1160093	0.3480278
64	06/15/19	1	0.2659574	0.1329787	0.2659574	0.0000000
65	06/22/19	1	0.0000000	0.1237624	0.2475248	0.0000000
66	06/29/19	1	0.1383126	0.1383126	0.1383126	0.0000000
67	07/06/19	1	0.2652520	0.0884173	0.0884173	0.2652520
68	07/13/19	1	0.1654260	0.1654260	0.2481390	0.1654260
69	07/20/19	1	0.0000000	0.0882613	0.1765225	0.1765225
70	07/27/19	1	0.0000000	0.0946074	0.0000000	0.0000000
71	08/03/19	1	0.0919963	0.2759890	0.1839926	0.2759890
72	08/10/19	1	0.0880282	0.2640845	0.1760563	0.0000000
73	08/17/19	1	0.2272727	0.0757576	0.0757576	0.0757576
74	08/24/19	1	0.2548853	0.0849618	0.0849618	0.0849618
75	08/31/19	1	0.1531394	0.1531394	0.3828484	0.0000000
76	09/07/19	1	0.0742390	0.3711952	0.0000000	0.0000000
77	09/14/19	1	0.0000000	0.3790272	0.0000000	0.0000000
78	09/21/19	1	0.0563063	0.1689189	0.0563063	0.0000000
79	09/28/19	1	0.0000000	0.4022122	0.0502765	0.0502765
80	10/05/19	1	0.1522070	0.4566210	0.1522070	0.1014713
81	10/12/19	1	0.2459420	0.2459420	0.0000000	0.0491884
82	10/19/19	1	0.2376426	0.1425856	0.0475285	0.0950570
83	10/26/19	1	0.0461681	0.2770083	0.1385042	0.0461681
84	11/02/19	1	0.2269632	0.4085338	0.0907853	0.0000000
85	11/09/19	1	0.2679768	0.4019652	0.0446628	0.0446628
86	11/16/19	1	0.9643606	0.4612159	0.0419287	0.0419287
87	11/23/19	1	0.6921824	0.6107492	0.1221498	0.0407166
88	11/30/19	1	1.3941698	0.5914660	0.2534854	0.0844951
89	12/07/19	1	2.3411371	0.9661836	0.2229654	0.1114827
90	12/14/19	1	2.4321466	0.8107155	0.4934790	0.1762425
91	12/21/19	1	3.3608117	1.5535828	0.5707039	0.0951173
92	12/28/19	1	4.3938422	1.4753047	0.9621552	0.1603592
93	01/04/20	1	4.7915048	1.5281015	0.9065009	0.0777001
94	01/11/20	1	4.3008048	1.2826962	1.1820926	0.2766600
95	01/18/20	1	4.6591208	1.4477494	0.7633588	0.2369044
96	01/25/20	1	3.2096289	1.5295888	0.7522568	0.1253761
97	02/01/20	1	3.6506800	1.8611310	0.7158196	0.0954426
98	02/08/20	1	2.9672046	1.9260802	0.7808433	0.2082249
99	02/15/20	1	2.2777168	1.8386389	0.7958288	0.3567508
100	02/22/20	1	1.8120393	1.9656020	0.5835381	0.0614251
101	02/29/20	1	1.3012362	2.4398178	0.9108653	0.2277163
102	03/07/20	1	1.1788977	2.6819923	0.7662835	0.3241969
103	03/14/20	1	0.6600038	1.9234396	0.5657175	0.1320008
104	03/21/20	1	0.8108108	4.1698842	0.7722008	0.2316602